Байбородин Никита 5 4 5 3 4 4 5 5 4 4
Блинов Андрей 4 4 3 3 5 5 4 5 3 4
Винокурова Анна 3 3 3 3 3 3 3 4 3 3
Вокина Анастасия 5 5 5 5 5 5 5 5 5 5
Загоруй Илья 4 4 4 4 4 4 4 4 4 4
Зонова Юлия 5 5 4 4 5 5 5 5 5 5
Иванов Данила 5 5 4 4 5 5 5 5 5 5
Кистенев Антон 5 5 5 5 5 5 5 5 5 5
Краснояров Николай 4 4 3 3 4 4 3 4 4 4
Мановкин Даниил 4 4 4 4 4 4 4 4 4 4
Масюк Станислав 5 5 4 4 5 5 5 5 5 5
Титов Александр 4 4 3 3 5 5 5 5 4 5
Ткачева Анастасия 5 5 5 5 5 5 5 5 5 5
Черникова Томара 5 5 4 4 5 5 5 5 4 5
Хагай Виталий 5 5 4 4 5 5 4 5 4 5



